R1 = 1.02806435778 
R2 = 2.0319770372 
R3 = 3.0063814709 
R4 = 4.18397333097 
R5 = 3.11993742552 
R6 = 2.08858744661 
R7 = 1.0004498667 
Vs = 5.00894173155 
C = 1.03365328826 
Kb = 7.06316528745 
Kc = 8.11924814489 
