Data =

   1.028064358000000e+03
   2.031977037000000e+03
   3.006381471000000e+03
   4.183973331000000e+03
   3.119937426000000e+03
   2.088587447000000e+03
   1.000449867000000e+03
   5.008942000000000e+00
   1.034000000000000e-03
   7.063000000000000e-03
   8.119248145000000e+03

A =

 Columns 1 through 3:

   8.218419160000001e+03   3.006381471000000e+03   4.183973331000000e+03
   2.123407232967300e+01   2.023407232967300e+01   0.000000000000000e+00
   4.183973331000000e+03   0.000000000000000e+00  -8.462374999999993e+02
   0.000000000000000e+00   0.000000000000000e+00   0.000000000000000e+00

 Column 4:

   0.000000000000000e+00
   0.000000000000000e+00
   0.000000000000000e+00
   1.000000000000000e+00

B =

   5.008942000000000e+00
   0.000000000000000e+00
   0.000000000000000e+00
   1.034000000000000e-03

I =

   1.945228687239870e-04
  -2.041364979309320e-04
   9.617613199731470e-04
   1.034000000000000e-03

G1 =    9.727017498645740e-04
G2 =    4.921315456775016e-04
G3 =    3.326257860641265e-04
G4 =    2.390072595804507e-04
G5 =    3.205192487729079e-04
G6 =    4.787924975017817e-04
G7 =    9.995503352893144e-04
Va =  5.008942000000000
Id =    1.034000000000000e-03
Kb =    7.063000000000000e-03
Kc =  8119.248145000000
A =

 Columns 1 through 3:

   9.727017498645740e-04  -1.797459081606202e-03   4.921315456775016e-04
   0.000000000000000e+00   7.555131545677501e-03  -4.921315456775016e-04
   0.000000000000000e+00   7.063000000000000e-03   0.000000000000000e+00
   0.000000000000000e+00   0.000000000000000e+00   0.000000000000000e+00
   0.000000000000000e+00   3.326257860641265e-04   0.000000000000000e+00
   1.000000000000000e+00   0.000000000000000e+00   0.000000000000000e+00
   0.000000000000000e+00   0.000000000000000e+00   0.000000000000000e+00
   0.000000000000000e+00   0.000000000000000e+00   0.000000000000000e+00

 Columns 4 through 6:

   0.000000000000000e+00   3.326257860641265e-04   0.000000000000000e+00
   0.000000000000000e+00  -7.063000000000000e-03   0.000000000000000e+00
   0.000000000000000e+00  -7.383519248772908e-03   3.205192487729079e-04
  -4.787924975017817e-04   0.000000000000000e+00   0.000000000000000e+00
   2.390072595804507e-04  -8.921522944174852e-04   3.205192487729079e-04
  -1.000000000000000e+00   0.000000000000000e+00   0.000000000000000e+00
   3.887435097181258e+00  -1.000000000000000e+00   0.000000000000000e+00
   1.000000000000000e+00   0.000000000000000e+00   0.000000000000000e+00

 Columns 7 and 8:

   0.000000000000000e+00   0.000000000000000e+00
   0.000000000000000e+00   0.000000000000000e+00
   0.000000000000000e+00   0.000000000000000e+00
   1.478342832791096e-03  -9.995503352893144e-04
   9.995503352893144e-04  -9.995503352893144e-04
   0.000000000000000e+00   0.000000000000000e+00
  -3.887435097181258e+00   1.000000000000000e+00
   0.000000000000000e+00   0.000000000000000e+00

B =

   0.000000000000000e+00
   0.000000000000000e+00
   1.034000000000000e-03
   0.000000000000000e+00
   1.034000000000000e-03
   5.008942000000000e+00
   0.000000000000000e+00
   0.000000000000000e+00

V =

   5.008942000000000e+00
   4.808959971848958e+00
   4.394159295639705e+00
   2.284741474768633e-16
   4.837862208565782e+00
   8.700770606957072e+00
  -2.008722619906066e+00
  -2.970916604558945e+00

